

ds 3  14:58:14   22    1.235    278.1            +2.1    -0.2            +0.3
zs 1  15:02:34   22    1.228             269.7   +1.2             8.1    +0.3
ds 3  15:06:52   22    1.221    277.2            +2.0     0.0            +0.4
zs 0  15:11:13   22    1.215             270.1   +1.8             8.6    +0.4
ds 3  15:29:12   22    1.192    278.6            +1.2    -0.2            +0.4
zs 0  15:33:32   22    1.188             270.3   +1.5             9.2    +0.5
ds 2  15:37:54   22    1.183    278.7            +1.8     0.1            +0.5
zs 0  15:42:14   22    1.179             270.8   +0.9             8.5    +0.3
ds 3  16:00:17   23    1.165    282.3            +0.6    -0.4            +0.3
zs 0  16:04:39   23    1.163             274.5   +1.1             9.3    +0.6
ds 2  16:09:01   23    1.161    281.8            +2.2    -0.3            +0.7
zs 1  16:13:21   23    1.159             274.1   +1.2             8.4    +0.6
ds 2  16:31:22   22    1.153    279.9            +1.4     0.4            +0.4
zs 1  16:35:42   22    1.152             273.7   +1.7             8.4    +0.6
zs 1  16:42:20   22    1.151             274.8   +2.1             7.7    +0.9
ds 1  17:00:03   22    1.153    280.7            +0.8     0.1            +0.5
ds 0  17:33:47   21    1.168    277.3           +15.3     6.6            +4.6
zs 0  17:38:09   21    1.171             275.2   +1.7             9.6    +0.5
ds 0  17:42:31   21    1.175    289.6           +11.9     3.4            +4.2
zs 0  17:46:53   20    1.178             274.9   +1.3             9.3    +0.3
ds 0  18:04:56   20    1.197    274.3           +15.1     5.1            +4.4
zs 1  18:09:17   20    1.202             277.7   +2.3             8.0    +0.9
ds 0  18:13:38   20    1.208    278.5            +8.0     1.7            +4.0
zs 1  18:17:59   20    1.214             277.2   +1.8             8.1    +0.4
ds 0  18:36:03   20    1.241    278.2            +4.5     3.4            +1.9
zs 1  18:40:24   20    1.249             280.8   +2.2             7.8    +0.6
ds 0  18:44:45   20    1.257    279.9           +10.4     6.1            +4.1
zs 0  18:49:08   20    1.265             281.0   +2.1             8.1    +0.7
ds 0  19:07:11   19    1.304    285.1            +9.2     6.3            +2.6
zs 0  19:11:33   19    1.315             286.0   +2.0             7.4    +0.4
zs 0  19:18:13   19    1.332             285.4   +1.0             7.0    +0.4
ds 0  19:36:14   19    1.383    269.4            +9.9    11.3            +6.1
zs 0  19:40:36   19    1.397             289.1   +1.8             7.7    +0.5
ds 0  19:44:58   19    1.411    288.0           +28.3     5.6            +8.1
zs 0  19:49:20   19    1.426             289.1   +2.0             7.7    +0.4
ds 0  20:07:21   19    1.494    287.1           +29.1     6.3            +7.5
zs 0  20:11:43   19    1.513             291.4   +2.0             7.0    +0.7
ds 0  20:16:05   19    1.532    274.4           +10.3     9.0            +3.9
zs 0  20:20:27   19    1.551             291.8   +2.0             6.7    +0.6
ds 0  20:38:28   19    1.642    287.3           +30.5    10.7            +4.6
zs 0  20:42:50   19    1.666             296.2   +0.8             4.0    +0.4
ds 0  20:47:12   19    1.692    289.6            +5.0     1.0            +2.7
ds 0  21:04:34   19    1.803    279.3           +26.3     8.5            +7.8
zs 0  21:08:57   19    1.834             298.6   +1.6             2.2    +0.8
ds 0  21:13:19   19    1.867    300.4           +24.7     3.8            +8.0
zs 0  21:17:41   19    1.900             298.8   +1.2             1.0    +0.6

     Daily means:               279.7    281.4           -0.0     7.4
     Standard deviation:          1.8      9.5            0.3     2.2
     Number of observations:    8 / 23   23 / 23      46  observations.