

ds 0  11:29:13   19    2.344    306.0           +43.9    10.1           +22.6
zs 0  11:33:31   19    2.291             306.4   +2.6            -2.5    +0.9
ds 0  11:37:49   19    2.240    290.5           +20.8     6.1            +5.5
zs 0  11:42:07   19    2.192             303.8   +2.4            -1.1    +1.1
ds 0  12:00:02   19    2.013    277.8            +9.8     7.6            +8.3
zs 0  12:04:25   19    1.974             299.8   +1.2             2.1    +0.3
ds 0  12:08:47   19    1.936    293.1           +15.9     4.5            +2.3
zs 0  12:13:10   19    1.901             298.2   +1.3             2.1    +0.6
ds 0  12:31:10   19    1.770    280.7           +14.1     6.4            +3.2
zs 0  12:35:32   19    1.742             295.9   +2.4             3.6    +0.7
ds 0  12:39:54   19    1.714    280.5           +14.0     7.7            +6.4
zs 0  12:44:17   19    1.689             292.8   +1.7             5.4    +0.6
ds 0  13:02:17   19    1.591    278.7           +10.7    13.0            +3.9
zs 0  13:06:40   19    1.569             291.2   +1.6             8.6    +0.6
ds 0  13:11:01   19    1.549    295.9           +14.8     8.0            +3.8
ds 0  13:28:25   19    1.475    281.7           +20.7    13.2            +9.3
zs 0  13:32:47   19    1.458             291.3   +2.4            10.1    +0.5
ds 0  13:37:10   19    1.442    285.3           +13.8     9.0            +4.2
zs 0  13:41:32   19    1.426             292.0   +1.4             9.4    +0.5
ds 0  13:59:34   19    1.369    296.2           +14.5     3.4            +4.4
zs 0  14:03:56   19    1.356             288.3   +1.2             9.5    +0.5
ds 0  14:08:17   19    1.344    294.4           +10.2     7.0            +4.6
zs 0  14:12:39   19    1.332             288.8   +1.2             9.9    +0.5
ds 0  14:30:43   19    1.289    304.2            +9.9     3.7            +2.6
zs 1  14:35:04   19    1.279             288.6   +2.6             9.2    +0.9
ds 0  14:39:26   19    1.270    287.4            +6.5     7.3            +2.1
zs 0  14:43:48   19    1.262             290.0   +1.1            10.1    +0.6
ds 0  15:01:51   19    1.230    303.6           +14.2     6.3            +4.5
zs 0  15:06:13   19    1.224             287.2   +1.1            11.9    +0.2
ds 0  15:10:35   19    1.218    293.5           +16.0     3.0            +6.1
ds 0  15:27:58   20    1.195    289.8           +16.0     6.6            +5.2
zs 1  15:32:20   20    1.190             288.0   +2.8            11.9    +1.0
ds 0  15:36:41   20    1.186    279.0           +20.5    15.0            +5.3
zs 0  15:41:03   20    1.182             284.6   +2.1            14.5    +0.5
ds 0  15:59:07   19    1.167    285.0           +15.0    13.0            +5.5
zs 0  16:03:29   19    1.164             282.0   +1.6            14.1    +0.4
ds 0  16:07:50   19    1.162    283.0            +8.4    11.6            +3.0
zs 0  16:12:13   19    1.160             282.2   +1.8            15.6    +0.9
ds 0  16:30:16   19    1.154    288.0            +8.7    12.9            +2.7
zs 0  16:34:38   19    1.153             282.7   +1.4            17.5    +0.6
ds 0  16:39:00   19    1.153    285.7           +18.3    14.6            +4.3
zs 0  16:43:22   19    1.153             283.8   +1.4            16.1    +0.7
ds 0  17:01:26   19    1.154    297.4           +12.8     7.3            +3.6
ds 0  17:33:50   19    1.168    300.0           +16.1    10.6            +4.0
zs 0  17:38:12   19    1.171             282.6   +2.1            17.0    +0.6
ds 0  17:42:34   19    1.175    291.8           +17.8    11.4            +5.9
zs 0  17:46:56   19    1.178             281.9   +1.7            16.4    +0.8
ds 0  18:04:59   19    1.197    297.9           +20.8    10.0            +7.8
zs 0  18:09:20   19    1.202             280.5   +1.6            18.3    +0.7
ds 0  18:13:42   19    1.208    284.1           +26.5    16.2            +7.7
zs 0  18:18:04   19    1.214             279.5   +2.0            19.3    +1.0
ds 0  18:36:07   19    1.241    295.8           +19.8    12.3            +3.5
zs 0  18:40:29   19    1.249             285.6   +1.2            15.2    +0.4
ds 0  18:44:50   19    1.257    296.6           +12.4    10.3            +4.9
zs 0  18:49:12   19    1.265             286.9   +2.2            14.4    +0.7
ds 0  19:07:14   19    1.304    286.6           +23.6    12.1            +6.7
zs 0  19:11:36   19    1.315             285.7   +1.5            12.8    +0.7
ds 0  19:15:58   19    1.325    298.1           +24.1     5.9            +4.2
zs 0  19:20:20   19    1.337             287.5   +2.5            11.4    +0.7
ds 0  19:38:22   19    1.389    294.7            +7.5     8.5            +4.7
zs 0  19:42:44   19    1.403             291.2   +2.1             8.7    +0.8
ds 0  19:47:06   19    1.418    294.8            +8.1     8.5            +3.0
ds 0  20:04:28   19    1.482    279.5            +6.9     9.4            +4.3
zs 0  20:08:50   19    1.500             293.2   +1.4             9.1    +0.6
ds 0  20:13:12   19    1.518    294.0           +13.3     7.7            +2.6
zs 0  20:17:34   19    1.538             296.4   +1.6             6.8    +0.5
ds 0  20:35:34   19    1.625    298.2           +15.9     6.5            +5.4
zs 0  20:39:56   19    1.649             301.1   +2.1             4.4    +0.5
ds 0  20:44:18   19    1.674    295.6           +15.1     3.8            +5.1
zs 0  20:48:41   19    1.699             301.2   +1.3             3.6    +0.5
ds 0  21:06:41   19    1.817    295.1           +17.7     6.3            +6.3
zs 0  21:11:04   19    1.849             303.5   +0.8             2.1    +0.4
ds 0  21:15:26   19    1.881    318.5           +17.0    -1.3            +6.7
zs 0  21:19:48   19    1.916             303.1   +1.6             2.8    +0.5
ds 0  21:37:44   19    2.075    298.3           +16.4     4.7            +7.0
zs 0  21:42:02   19    2.118             307.5   +2.2            -0.2    +0.6
ds 0  21:46:19   19    2.163    295.5           +22.5     7.7            +8.3

     Daily means:                 0.0    291.3            0.0     9.4
     Standard deviation:          0.0      8.0            0.0     5.9
     Number of observations:    0 / 41   36 / 36      77  observations.