

ds 3  14:29:58   22    1.294    296.1            +1.1    -0.3            +0.5
zs 0  14:34:20   22    1.285             286.4   +1.4             8.6    +0.3
ds 3  14:38:39   22    1.276    294.5            +1.6     0.0            +0.6
zs 0  14:43:00   22    1.267             285.2   +1.2             8.9    +0.4
ds 3  15:01:00   23    1.235    293.9            +3.0     0.5            +0.8
zs 0  15:05:21   23    1.228             285.8   +0.7             9.4    +0.1
ds 3  15:09:40   23    1.222    293.7            +2.4    -0.1            +0.8
zs 0  15:14:01   23    1.216             285.8   +1.7             9.4    +0.6
ds 3  15:32:02   23    1.193    295.5            +2.0    -0.3            +0.6
zs 0  15:36:24   23    1.189             286.0   +1.4             9.8    +0.4
ds 3  15:40:43   23    1.184    295.0            +1.3     0.2            +0.5
zs 0  15:45:04   23    1.180             286.0   +1.0             9.8    +0.4
ds 3  16:03:04   24    1.167    296.3            +2.2    -0.2            +0.6
zs 0  16:07:25   24    1.164             285.5   +1.9            10.2    +0.5
ds 3  16:11:44   24    1.162    295.3            +1.3     0.2            +0.2
ds 3  16:29:08   25    1.156    297.3            +0.9    -0.2            +0.1
zs 0  16:33:29   25    1.155             288.9   +1.3             9.8    +0.4
ds 3  16:37:48   25    1.154    295.8            +1.9     0.1            +0.5
zs 0  16:42:09   25    1.154             288.1   +1.7            10.2    +0.4
ds 3  17:00:10   25    1.155    296.8            +2.3     0.3            +0.7
ds 3  17:34:44   26    1.170    297.8            +1.8     0.4            +0.5
zs 0  17:39:05   27    1.173             290.1   +0.8             9.9    +0.2
ds 3  17:43:24   27    1.176    299.0            +1.6    -0.2            +0.6
zs 0  17:47:46   27    1.180             291.0   +1.7             9.8    +0.4
ds 3  18:05:46   27    1.199    299.1            +2.0     0.3            +0.3
zs 0  18:10:07   27    1.204             292.2   +1.6             9.3    +0.5
ds 3  18:14:26   27    1.209    300.0            +1.2    -0.1            +0.3
zs 0  18:18:48   27    1.215             293.0   +1.3             9.3    +0.4
ds 1  18:36:14   27    1.242    296.7            +3.7     1.5            +1.3
zs 0  18:40:36   27    1.249             293.7   +0.9             9.3    +0.3
ds 3  18:44:57   27    1.257    301.8            +0.9    -0.3            +0.2
zs 0  18:49:18   27    1.266             293.4   +1.4             9.1    +0.4
ds 0  19:07:22   27    1.304    306.3            +9.3     0.5            +2.5
zs 0  19:11:44   27    1.315             295.3   +1.1             8.4    +0.3
ds 0  19:16:06   26    1.326    301.9            +2.1    -0.1            +0.9
zs 0  19:20:28   26    1.337             295.1   +1.6             8.1    +0.3
ds 3  19:38:30   26    1.389    302.9            +1.2     0.3            +0.2
zs 0  19:42:51   26    1.403             296.5   +1.6             7.4    +0.5
ds 3  19:47:10   26    1.417    306.4            +7.7    -0.1            +0.9
zs 0  19:51:32   26    1.433             297.9   +0.8             6.5    +0.4
ds 0  20:09:35   25    1.502    301.6            +1.2     0.8            +0.5
zs 0  20:13:57   25    1.521             299.1   +1.4             5.6    +0.5
zs 0  20:20:37   24    1.550             300.4   +2.2             5.1    +0.6
ds 0  20:38:01   25    1.637    304.5            +4.7     1.0            +1.3
zs 0  20:42:23   25    1.661             307.6   +1.5             2.7    +0.3
ds 2  20:46:42   25    1.686    308.0            +3.2     0.3            +0.8
zs 0  20:51:03   25    1.712             307.1   +2.3             2.5    +0.8
ds 2  21:09:01   26    1.832    307.0            +0.5     0.8            +0.2
zs 0  21:13:22   26    1.864             307.3   +1.3             1.3    +0.5
ds 2  21:17:41   26    1.897    308.9            +0.9     0.6            +0.2
ds 2  21:35:02   26    2.047    308.4            +2.5     0.9            +0.7
zs 0  21:39:22   27    2.089             307.2   +2.2            -1.3    +0.5
ds 2  21:43:41   27    2.132    307.8            +1.2     0.8            +0.4
zs 0  21:48:00   26    2.178             311.4   +2.7            -3.0    +0.8

     Daily means:               299.8    294.5            0.2     7.2
     Standard deviation:          5.0      8.1            0.4     3.7
     Number of observations:   24 / 28   26 / 26      54  observations.