

ds 0  11:30:18   19    2.340    296.4            +9.2     1.8            +2.9
zs 0  11:34:36   19    2.287             318.8   +2.1            -6.6    +0.8
ds 0  11:38:54   19    2.237    293.1           +11.9     1.8            +2.1
zs 0  11:43:12   19    2.188             316.9   +1.3            -5.0    +0.4
ds 0  12:01:09   19    2.010    302.7           +16.1     0.9            +4.2
zs 0  12:05:31   19    1.971             311.8   +1.2            -1.9    +0.4
ds 0  12:09:54   19    1.934    295.0            +7.3     3.6            +3.0
zs 0  12:14:16   19    1.899             308.9   +1.1            -0.7    +0.2
ds 1  12:32:17   19    1.768    301.4            +1.4     0.3            +0.2
zs 0  12:36:39   19    1.740             301.6   +0.8             2.2    +0.5
ds 0  12:41:02   19    1.713    299.4            +3.8     0.8            +1.5
ds 2  12:58:22   20    1.615    302.2            +1.2     0.4            +0.2
zs 0  13:02:43   20    1.593             298.4   +2.0             4.4    +0.3
zs 0  13:09:23   20    1.560             298.6   +2.8             4.7    +1.0
ds 0  13:27:48   20    1.481    301.2           +14.9     3.8            +3.3
zs 0  13:32:10   20    1.464             297.0   +1.9             5.1    +0.6
ds 1  13:36:32   20    1.447    294.0            +1.8     2.2            +0.7
zs 0  13:40:53   20    1.432             294.4   +1.1             6.2    +0.5
ds 0  13:58:56   20    1.373    293.2           +17.5     5.3            +5.7
zs 0  14:03:17   20    1.361             294.0   +1.7             8.3    +0.7
ds 0  14:07:39   20    1.348    288.7           +21.0     8.3            +8.9
zs 0  14:12:01   20    1.336             288.9   +3.4            12.1    +1.3
ds 0  14:30:04   20    1.292    314.6            +8.5     1.8            +2.2
zs 0  14:34:26   20    1.283             287.5   +3.1            13.8    +1.6
ds 0  14:38:48   20    1.274    293.4           +16.8    11.0            +7.3
zs 0  14:43:10   20    1.265             288.3   +3.9            14.1    +1.8
ds 0  15:01:11   20    1.233    286.8           +26.7     8.0            +6.8
zs 0  15:05:33   20    1.226             292.1   +3.0            11.1    +1.4
ds 0  15:09:55   20    1.220    300.4           +18.7     3.7            +4.8
zs 0  15:14:17   20    1.214             293.4   +1.1             9.4    +0.5
ds 0  15:32:21   20    1.191    292.8           +20.7     8.9            +5.7
zs 0  15:36:43   20    1.187             289.7   +1.5            11.3    +0.4
ds 0  15:41:04   19    1.183    308.3           +14.1     2.2            +4.6
ds 1  15:58:06   20    1.169    299.8            +0.9    -0.2            +0.4
zs 1  16:02:47   20    1.166             291.2   +1.7             9.2    +0.5
ds 0  16:07:11   20    1.163    293.0           +12.2     3.8            +4.2
zs 0  16:11:32   20    1.161             290.3   +1.3             9.6    +0.5
ds 2  16:29:32   21    1.155    303.9            +2.4    -0.7            +0.6
zs 1  16:33:52   21    1.154             292.3   +1.3             9.0    +0.4
ds 3  16:51:57   22    1.153    301.7            +1.8    -0.2            +0.6
ds 1  17:36:09   25    1.170    304.8            +2.2    -0.7            +0.6
zs 1  17:40:30   25    1.174             295.3   +1.6             9.2    +1.1
ds 0  17:43:49   25    1.176    301.7            +3.7     0.0            +1.6
zs 0  17:47:51   25    1.180             296.2   +1.1             9.8    +0.3
ds 3  18:05:53   25    1.198    305.2            +2.6    -0.2            +0.8
zs 0  18:10:14   25    1.203             297.5   +1.6             9.5    +0.6
ds 3  18:14:33   25    1.209    306.0            +1.7    -0.3            +0.8
zs 1  18:18:54   25    1.215             298.3   +1.4             8.2    +0.8
ds 0  18:36:58   26    1.243    305.9            +8.6     0.3            +1.3
zs 1  18:41:19   25    1.251             299.3   +1.5             7.5    +0.5
ds 0  18:45:40   25    1.259    303.1            +7.0     1.1            +2.1
zs 1  18:50:01   25    1.267             298.4   +1.7             7.6    +0.5
ds 0  19:08:04   23    1.306    293.3           +15.1     6.6            +3.0
zs 0  19:12:26   23    1.317             297.5   +1.2             7.5    +0.5
ds 0  19:16:48   23    1.328    299.9            +3.2     2.3            +3.6
zs 1  19:21:09   22    1.339             299.9   +1.6             5.9    +0.3
ds 1  19:38:51   22    1.391    306.8            +3.0    -0.6            +0.9
zs 0  19:43:34   22    1.406             299.4   +1.3             6.5    +0.5
ds 3  19:47:55   22    1.420    305.3            +2.0    -0.3            +0.6
ds 3  20:05:17   23    1.485    306.7            +1.6    -0.1            +0.5
zs 0  20:09:38   23    1.503             300.6   +1.2             6.0    +0.3
ds 0  20:14:02   23    1.522    305.5            +2.4    -0.0            +0.5
zs 0  20:18:24   23    1.541             303.2   +1.5             4.3    +0.4
ds 2  20:36:22   22    1.628    312.5            +7.5    -1.5            +2.2
zs 0  20:40:43   22    1.652             304.0   +1.7             3.3    +0.5
ds 1  20:45:05   22    1.677    306.1            +0.5     0.3            +0.2
zs 0  20:49:27   22    1.703             301.4   +2.2             3.6    +0.5
zs 0  21:09:46   21    1.838             304.2   +2.0             1.7    +0.5
ds 2  21:14:05   21    1.870    306.2            +0.6     0.8            +0.3
zs 0  21:18:26   21    1.904             305.6   +2.1             0.8    +0.7
ds 2  21:36:23   21    2.061    306.3            +1.4     0.7            +0.5
zs 0  21:40:42   21    2.103             309.3   +1.6            -2.2    +0.6
ds 2  21:45:01   21    2.147    305.5            +2.1     1.0            +0.6
zs 0  21:49:21   21    2.194             312.2   +1.0            -4.1    +0.3

     Daily means:               303.7    299.7            0.3     5.4
     Standard deviation:          3.4      7.7            0.9     5.1
     Number of observations:   18 / 38   35 / 36      74  observations.